%  Voltage   Amplitude  Phase
S21=[
    -2              0.074           12.6
    -1.9            0.084           17.3
    -1.8            0.095            22.5
    -1.7            0.11            27.94
    -1.6            0.132           34.3
    -1.5  0.159 39.3
    -1.4 0.197  44.25
    -1.3 0.244  48.09
    -1.2 0.31    51.7
    -1.1 0.4 54.18
    -1  0.51   56.4
    -0.9 0.66  57.9
    -0.8 0.848  59.6
    -0.7 1.09 60.3
    -0.6 1.37  61.05
    -0.5 1.71 61.5
    -0.4  2.09 62.2
    -0.3 2.46  63.4
    -0.2  2.75  64.3
    -0.1   2.93   65.2
    0   3.05  66];
